(kicad_pcb (version 20171130) (host pcbnew "(5.1.0-0)")

  (general
    (thickness 1.6)
    (drawings 8)
    (tracks 0)
    (zones 0)
    (modules 167)
    (nets 149)
  )

  (page A4)
  (layers
    (0 F.Cu signal)
    (31 B.Cu signal)
    (32 B.Adhes user)
    (33 F.Adhes user)
    (34 B.Paste user)
    (35 F.Paste user)
    (36 B.SilkS user)
    (37 F.SilkS user)
    (38 B.Mask user)
    (39 F.Mask user)
    (40 Dwgs.User user)
    (41 Cmts.User user)
    (42 Eco1.User user)
    (43 Eco2.User user)
    (44 Edge.Cuts user)
    (45 Margin user)
    (46 B.CrtYd user)
    (47 F.CrtYd user)
    (48 B.Fab user)
    (49 F.Fab user)
  )

  (setup
    (last_trace_width 0.25)
    (trace_clearance 0.2)
    (zone_clearance 0.508)
    (zone_45_only no)
    (trace_min 0.2)
    (via_size 0.8)
    (via_drill 0.4)
    (via_min_size 0.4)
    (via_min_drill 0.3)
    (uvia_size 0.3)
    (uvia_drill 0.1)
    (uvias_allowed no)
    (uvia_min_size 0.2)
    (uvia_min_drill 0.1)
    (edge_width 0.15)
    (segment_width 0.2)
    (pcb_text_width 0.3)
    (pcb_text_size 1.5 1.5)
    (mod_edge_width 0.15)
    (mod_text_size 1 1)
    (mod_text_width 0.15)
    (pad_size 1.7 1.2)
    (pad_drill 0)
    (pad_to_mask_clearance 0.051)
    (solder_mask_min_width 0.25)
    (aux_axis_origin 0 0)
    (grid_origin 35.0266 54.0258)
    (visible_elements 7FFFFFFF)
    (pcbplotparams
      (layerselection 0x010fc_ffffffff)
      (usegerberextensions false)
      (usegerberattributes false)
      (usegerberadvancedattributes false)
      (creategerberjobfile false)
      (excludeedgelayer true)
      (linewidth 0.100000)
      (plotframeref false)
      (viasonmask false)
      (mode 1)
      (useauxorigin false)
      (hpglpennumber 1)
      (hpglpenspeed 20)
      (hpglpendiameter 15.000000)
      (psnegative false)
      (psa4output false)
      (plotreference true)
      (plotvalue true)
      (plotinvisibletext false)
      (padsonsilk false)
      (subtractmaskfromsilk false)
      (outputformat 1)
      (mirror false)
      (drillshape 1)
      (scaleselection 1)
      (outputdirectory ""))
  )

  (net 0 "")
  (net 1 GND)
  (net 2 VCC)
  (net 3 /XTAL1)
  (net 4 /XTAL2)
  (net 5 C0)
  (net 6 "Net-(D1-Pad2)")
  (net 7 "Net-(D2-Pad2)")
  (net 8 "Net-(D3-Pad2)")
  (net 9 "Net-(D4-Pad2)")
  (net 10 "Net-(D5-Pad2)")
  (net 11 C1)
  (net 12 "Net-(D6-Pad2)")
  (net 13 "Net-(D7-Pad2)")
  (net 14 C2)
  (net 15 "Net-(D8-Pad2)")
  (net 16 "Net-(D9-Pad2)")
  (net 17 "Net-(D10-Pad2)")
  (net 18 "Net-(D11-Pad2)")
  (net 19 "Net-(D12-Pad2)")
  (net 20 C3)
  (net 21 "Net-(D13-Pad2)")
  (net 22 "Net-(D14-Pad2)")
  (net 23 C4)
  (net 24 "Net-(D15-Pad2)")
  (net 25 "Net-(D16-Pad2)")
  (net 26 "Net-(D17-Pad2)")
  (net 27 C5)
  (net 28 "Net-(D18-Pad2)")
  (net 29 "Net-(D19-Pad2)")
  (net 30 "Net-(D20-Pad2)")
  (net 31 "Net-(D21-Pad2)")
  (net 32 C6)
  (net 33 "Net-(D22-Pad2)")
  (net 34 "Net-(D23-Pad2)")
  (net 35 "Net-(D24-Pad2)")
  (net 36 C7)
  (net 37 "Net-(D25-Pad2)")
  (net 38 "Net-(D26-Pad2)")
  (net 39 "Net-(D27-Pad2)")
  (net 40 "Net-(D28-Pad2)")
  (net 41 C8)
  (net 42 "Net-(D29-Pad2)")
  (net 43 "Net-(D30-Pad2)")
  (net 44 C9)
  (net 45 "Net-(D31-Pad2)")
  (net 46 "Net-(D32-Pad2)")
  (net 47 "Net-(D33-Pad2)")
  (net 48 "Net-(D34-Pad2)")
  (net 49 C10)
  (net 50 "Net-(D35-Pad2)")
  (net 51 "Net-(D36-Pad2)")
  (net 52 "Net-(D37-Pad2)")
  (net 53 C11)
  (net 54 "Net-(D38-Pad2)")
  (net 55 "Net-(D39-Pad2)")
  (net 56 "Net-(D40-Pad2)")
  (net 57 "Net-(D41-Pad2)")
  (net 58 "Net-(R1-Pad2)")
  (net 59 "Net-(R2-Pad1)")
  (net 60 "Net-(R3-Pad2)")
  (net 61 "Net-(R4-Pad1)")
  (net 62 "Net-(R5-Pad2)")
  (net 63 /D+)
  (net 64 /D-)
  (net 65 "Net-(R6-Pad2)")
  (net 66 R0)
  (net 67 R1)
  (net 68 R3)
  (net 69 R2)
  (net 70 "Net-(U1-Pad1)")
  (net 71 "Net-(U1-Pad8)")
  (net 72 "Net-(U1-Pad9)")
  (net 73 "Net-(U1-Pad10)")
  (net 74 "Net-(U1-Pad11)")
  (net 75 "Net-(U1-Pad12)")
  (net 76 "Net-(U1-Pad18)")
  (net 77 "Net-(U1-Pad19)")
  (net 78 "Net-(U1-Pad20)")
  (net 79 "Net-(U1-Pad21)")
  (net 80 "Net-(U1-Pad22)")
  (net 81 "Net-(U1-Pad25)")
  (net 82 "Net-(U1-Pad26)")
  (net 83 "Net-(U1-Pad27)")
  (net 84 "Net-(U1-Pad28)")
  (net 85 "Net-(U1-Pad29)")
  (net 86 "Net-(U1-Pad30)")
  (net 87 "Net-(U1-Pad31)")
  (net 88 "Net-(U1-Pad32)")
  (net 89 "Net-(U1-Pad36)")
  (net 90 "Net-(U1-Pad37)")
  (net 91 "Net-(U1-Pad38)")
  (net 92 "Net-(U1-Pad39)")
  (net 93 "Net-(U1-Pad40)")
  (net 94 "Net-(U1-Pad41)")
  (net 95 "Net-(U1-Pad42)")
  (net 96 "Net-(USB1-Pad9)")
  (net 97 "Net-(USB1-Pad3)")
  (net 98 "Net-(D42-Pad2)")
  (net 99 /VBUS)
  (net 100 /DN_PRE)
  (net 101 /DP_PRE)
  (net 102 /UCAP)
  (net 103 "Net-(LED1-Pad2)")
  (net 104 LED_INPUT)
  (net 105 "Net-(LED2-Pad2)")
  (net 106 "Net-(LED2-Pad4)")
  (net 107 "Net-(LED3-Pad4)")
  (net 108 "Net-(LED10-Pad4)")
  (net 109 "Net-(LED4-Pad4)")
  (net 110 "Net-(LED4-Pad2)")
  (net 111 "Net-(LED5-Pad2)")
  (net 112 "Net-(LED6-Pad2)")
  (net 113 "Net-(LED11-Pad4)")
  (net 114 "Net-(LED12-Pad4)")
  (net 115 "Net-(LED13-Pad4)")
  (net 116 "Net-(LED10-Pad2)")
  (net 117 "Net-(LED11-Pad2)")
  (net 118 "Net-(LED12-Pad2)")
  (net 119 "Net-(LED13-Pad2)")
  (net 120 "Net-(LED14-Pad2)")
  (net 121 "Net-(LED16-Pad2)")
  (net 122 "Net-(LED17-Pad2)")
  (net 123 "Net-(LED18-Pad2)")
  (net 124 "Net-(LED19-Pad2)")
  (net 125 "Net-(LED20-Pad2)")
  (net 126 "Net-(LED21-Pad2)")
  (net 127 "Net-(LED22-Pad2)")
  (net 128 "Net-(LED23-Pad2)")
  (net 129 "Net-(LED24-Pad2)")
  (net 130 "Net-(LED25-Pad2)")
  (net 131 "Net-(LED26-Pad2)")
  (net 132 "Net-(LED27-Pad2)")
  (net 133 "Net-(LED28-Pad2)")
  (net 134 "Net-(LED29-Pad2)")
  (net 135 "Net-(LED30-Pad2)")
  (net 136 "Net-(LED31-Pad2)")
  (net 137 "Net-(LED32-Pad2)")
  (net 138 "Net-(LED33-Pad2)")
  (net 139 "Net-(LED34-Pad2)")
  (net 140 "Net-(LED35-Pad2)")
  (net 141 "Net-(LED36-Pad2)")
  (net 142 "Net-(LED37-Pad2)")
  (net 143 "Net-(LED38-Pad2)")
  (net 144 "Net-(LED39-Pad2)")
  (net 145 "Net-(LED40-Pad2)")
  (net 146 "Net-(LED41-Pad2)")
  (net 147 "Net-(LED42-Pad2)")
  (net 148 "Net-(LED46-Pad2)")

  (net_class Default "This is the default net class."
    (clearance 0.2)
    (trace_width 0.25)
    (via_dia 0.8)
    (via_drill 0.4)
    (uvia_dia 0.3)
    (uvia_drill 0.1)
    (add_net /D+)
    (add_net /D-)
    (add_net /DN_PRE)
    (add_net /DP_PRE)
    (add_net /UCAP)
    (add_net /VBUS)
    (add_net /XTAL1)
    (add_net /XTAL2)
    (add_net C0)
    (add_net C1)
    (add_net C10)
    (add_net C11)
    (add_net C2)
    (add_net C3)
    (add_net C4)
    (add_net C5)
    (add_net C6)
    (add_net C7)
    (add_net C8)
    (add_net C9)
    (add_net GND)
    (add_net LED_INPUT)
    (add_net "Net-(D1-Pad2)")
    (add_net "Net-(D10-Pad2)")
    (add_net "Net-(D11-Pad2)")
    (add_net "Net-(D12-Pad2)")
    (add_net "Net-(D13-Pad2)")
    (add_net "Net-(D14-Pad2)")
    (add_net "Net-(D15-Pad2)")
    (add_net "Net-(D16-Pad2)")
    (add_net "Net-(D17-Pad2)")
    (add_net "Net-(D18-Pad2)")
    (add_net "Net-(D19-Pad2)")
    (add_net "Net-(D2-Pad2)")
    (add_net "Net-(D20-Pad2)")
    (add_net "Net-(D21-Pad2)")
    (add_net "Net-(D22-Pad2)")
    (add_net "Net-(D23-Pad2)")
    (add_net "Net-(D24-Pad2)")
    (add_net "Net-(D25-Pad2)")
    (add_net "Net-(D26-Pad2)")
    (add_net "Net-(D27-Pad2)")
    (add_net "Net-(D28-Pad2)")
    (add_net "Net-(D29-Pad2)")
    (add_net "Net-(D3-Pad2)")
    (add_net "Net-(D30-Pad2)")
    (add_net "Net-(D31-Pad2)")
    (add_net "Net-(D32-Pad2)")
    (add_net "Net-(D33-Pad2)")
    (add_net "Net-(D34-Pad2)")
    (add_net "Net-(D35-Pad2)")
    (add_net "Net-(D36-Pad2)")
    (add_net "Net-(D37-Pad2)")
    (add_net "Net-(D38-Pad2)")
    (add_net "Net-(D39-Pad2)")
    (add_net "Net-(D4-Pad2)")
    (add_net "Net-(D40-Pad2)")
    (add_net "Net-(D41-Pad2)")
    (add_net "Net-(D42-Pad2)")
    (add_net "Net-(D5-Pad2)")
    (add_net "Net-(D6-Pad2)")
    (add_net "Net-(D7-Pad2)")
    (add_net "Net-(D8-Pad2)")
    (add_net "Net-(D9-Pad2)")
    (add_net "Net-(LED1-Pad2)")
    (add_net "Net-(LED10-Pad2)")
    (add_net "Net-(LED10-Pad4)")
    (add_net "Net-(LED11-Pad2)")
    (add_net "Net-(LED11-Pad4)")
    (add_net "Net-(LED12-Pad2)")
    (add_net "Net-(LED12-Pad4)")
    (add_net "Net-(LED13-Pad2)")
    (add_net "Net-(LED13-Pad4)")
    (add_net "Net-(LED14-Pad2)")
    (add_net "Net-(LED16-Pad2)")
    (add_net "Net-(LED17-Pad2)")
    (add_net "Net-(LED18-Pad2)")
    (add_net "Net-(LED19-Pad2)")
    (add_net "Net-(LED2-Pad2)")
    (add_net "Net-(LED2-Pad4)")
    (add_net "Net-(LED20-Pad2)")
    (add_net "Net-(LED21-Pad2)")
    (add_net "Net-(LED22-Pad2)")
    (add_net "Net-(LED23-Pad2)")
    (add_net "Net-(LED24-Pad2)")
    (add_net "Net-(LED25-Pad2)")
    (add_net "Net-(LED26-Pad2)")
    (add_net "Net-(LED27-Pad2)")
    (add_net "Net-(LED28-Pad2)")
    (add_net "Net-(LED29-Pad2)")
    (add_net "Net-(LED3-Pad4)")
    (add_net "Net-(LED30-Pad2)")
    (add_net "Net-(LED31-Pad2)")
    (add_net "Net-(LED32-Pad2)")
    (add_net "Net-(LED33-Pad2)")
    (add_net "Net-(LED34-Pad2)")
    (add_net "Net-(LED35-Pad2)")
    (add_net "Net-(LED36-Pad2)")
    (add_net "Net-(LED37-Pad2)")
    (add_net "Net-(LED38-Pad2)")
    (add_net "Net-(LED39-Pad2)")
    (add_net "Net-(LED4-Pad2)")
    (add_net "Net-(LED4-Pad4)")
    (add_net "Net-(LED40-Pad2)")
    (add_net "Net-(LED41-Pad2)")
    (add_net "Net-(LED42-Pad2)")
    (add_net "Net-(LED46-Pad2)")
    (add_net "Net-(LED5-Pad2)")
    (add_net "Net-(LED6-Pad2)")
    (add_net "Net-(R1-Pad2)")
    (add_net "Net-(R2-Pad1)")
    (add_net "Net-(R3-Pad2)")
    (add_net "Net-(R4-Pad1)")
    (add_net "Net-(R5-Pad2)")
    (add_net "Net-(R6-Pad2)")
    (add_net "Net-(U1-Pad1)")
    (add_net "Net-(U1-Pad10)")
    (add_net "Net-(U1-Pad11)")
    (add_net "Net-(U1-Pad12)")
    (add_net "Net-(U1-Pad18)")
    (add_net "Net-(U1-Pad19)")
    (add_net "Net-(U1-Pad20)")
    (add_net "Net-(U1-Pad21)")
    (add_net "Net-(U1-Pad22)")
    (add_net "Net-(U1-Pad25)")
    (add_net "Net-(U1-Pad26)")
    (add_net "Net-(U1-Pad27)")
    (add_net "Net-(U1-Pad28)")
    (add_net "Net-(U1-Pad29)")
    (add_net "Net-(U1-Pad30)")
    (add_net "Net-(U1-Pad31)")
    (add_net "Net-(U1-Pad32)")
    (add_net "Net-(U1-Pad36)")
    (add_net "Net-(U1-Pad37)")
    (add_net "Net-(U1-Pad38)")
    (add_net "Net-(U1-Pad39)")
    (add_net "Net-(U1-Pad40)")
    (add_net "Net-(U1-Pad41)")
    (add_net "Net-(U1-Pad42)")
    (add_net "Net-(U1-Pad8)")
    (add_net "Net-(U1-Pad9)")
    (add_net "Net-(USB1-Pad3)")
    (add_net "Net-(USB1-Pad9)")
    (add_net R0)
    (add_net R1)
    (add_net R2)
    (add_net R3)
    (add_net VCC)
  )

  (module MX_Switches:MX-1U (layer F.Cu) (tedit 59ED6ABA) (tstamp 5CC45720)
    (at 211.2391 101.6635 180)
    (path /5CC0D33A)
    (fp_text reference SW28 (at 0.6985 -2.6543 180) (layer F.SilkS)
      (effects (font (size 1 1) (thickness 0.15)))
    )
    (fp_text value MX_1U (at 0 -7.9375 180) (layer Dwgs.User)
      (effects (font (size 1 1) (thickness 0.15)))
    )
    (fp_line (start -9.525 9.525) (end -9.525 -9.525) (layer Dwgs.User) (width 0.15))
    (fp_line (start 9.525 9.525) (end -9.525 9.525) (layer Dwgs.User) (width 0.15))
    (fp_line (start 9.525 -9.525) (end 9.525 9.525) (layer Dwgs.User) (width 0.15))
    (fp_line (start -9.525 -9.525) (end 9.525 -9.525) (layer Dwgs.User) (width 0.15))
    (fp_line (start -7 -7) (end -7 -5) (layer Dwgs.User) (width 0.15))
    (fp_line (start -5 -7) (end -7 -7) (layer Dwgs.User) (width 0.15))
    (fp_line (start -7 7) (end -5 7) (layer Dwgs.User) (width 0.15))
    (fp_line (start -7 5) (end -7 7) (layer Dwgs.User) (width 0.15))
    (fp_line (start 7 7) (end 7 5) (layer Dwgs.User) (width 0.15))
    (fp_line (start 5 7) (end 7 7) (layer Dwgs.User) (width 0.15))
    (fp_line (start 7 -7) (end 7 -5) (layer Dwgs.User) (width 0.15))
    (fp_line (start 5 -7) (end 7 -7) (layer Dwgs.User) (width 0.15))
    (pad "" np_thru_hole circle (at 5.08 0 228.0996) (size 1.7018 1.7018) (drill 1.7018) (layers *.Cu *.Mask))
    (pad "" np_thru_hole circle (at -5.08 0 228.0996) (size 1.7018 1.7018) (drill 1.7018) (layers *.Cu *.Mask))
    (pad 1 thru_hole circle (at -2.5 -4 180) (size 2.25 2.25) (drill 1.47) (layers *.Cu *.Mask)
      (net 69 R2))
    (pad "" np_thru_hole circle (at 0 0 180) (size 3.9878 3.9878) (drill 3.9878) (layers *.Cu *.Mask))
    (pad 1 thru_hole oval (at -3.81 -2.54 228.0996321) (size 4.211556 2.25) (drill 1.47 (offset 0.980778 0)) (layers *.Cu *.Mask)
      (net 69 R2))
    (pad 2 thru_hole circle (at 2.54 -5.08 180) (size 2.25 2.25) (drill 1.47) (layers *.Cu *.Mask)
      (net 47 "Net-(D33-Pad2)"))
    (pad 2 thru_hole oval (at 2.5 -4.5 266.0548) (size 2.831378 2.25) (drill 1.47 (offset 0.290689 0)) (layers *.Cu *.Mask)
      (net 47 "Net-(D33-Pad2)"))
  )

  (module MX_Switches:MX-1U (layer F.Cu) (tedit 59ED6ABA) (tstamp 5CB7E1F5)
    (at 254.0254 63.5762 180)
    (path /5CC4AFD2)
    (fp_text reference SW31 (at 0.5588 -2.8956 180) (layer F.SilkS)
      (effects (font (size 1 1) (thickness 0.15)))
    )
    (fp_text value MX_1U (at 0 -7.9375 180) (layer Dwgs.User)
      (effects (font (size 1 1) (thickness 0.15)))
    )
    (fp_line (start 5 -7) (end 7 -7) (layer Dwgs.User) (width 0.15))
    (fp_line (start 7 -7) (end 7 -5) (layer Dwgs.User) (width 0.15))
    (fp_line (start 5 7) (end 7 7) (layer Dwgs.User) (width 0.15))
    (fp_line (start 7 7) (end 7 5) (layer Dwgs.User) (width 0.15))
    (fp_line (start -7 5) (end -7 7) (layer Dwgs.User) (width 0.15))
    (fp_line (start -7 7) (end -5 7) (layer Dwgs.User) (width 0.15))
    (fp_line (start -5 -7) (end -7 -7) (layer Dwgs.User) (width 0.15))
    (fp_line (start -7 -7) (end -7 -5) (layer Dwgs.User) (width 0.15))
    (fp_line (start -9.525 -9.525) (end 9.525 -9.525) (layer Dwgs.User) (width 0.15))
    (fp_line (start 9.525 -9.525) (end 9.525 9.525) (layer Dwgs.User) (width 0.15))
    (fp_line (start 9.525 9.525) (end -9.525 9.525) (layer Dwgs.User) (width 0.15))
    (fp_line (start -9.525 9.525) (end -9.525 -9.525) (layer Dwgs.User) (width 0.15))
    (pad 2 thru_hole oval (at 2.5 -4.5 266.0548) (size 2.831378 2.25) (drill 1.47 (offset 0.290689 0)) (layers *.Cu *.Mask)
      (net 54 "Net-(D38-Pad2)"))
    (pad 2 thru_hole circle (at 2.54 -5.08 180) (size 2.25 2.25) (drill 1.47) (layers *.Cu *.Mask)
      (net 54 "Net-(D38-Pad2)"))
    (pad 1 thru_hole oval (at -3.81 -2.54 228.0996321) (size 4.211556 2.25) (drill 1.47 (offset 0.980778 0)) (layers *.Cu *.Mask)
      (net 66 R0))
    (pad "" np_thru_hole circle (at 0 0 180) (size 3.9878 3.9878) (drill 3.9878) (layers *.Cu *.Mask))
    (pad 1 thru_hole circle (at -2.5 -4 180) (size 2.25 2.25) (drill 1.47) (layers *.Cu *.Mask)
      (net 66 R0))
    (pad "" np_thru_hole circle (at -5.08 0 228.0996) (size 1.7018 1.7018) (drill 1.7018) (layers *.Cu *.Mask))
    (pad "" np_thru_hole circle (at 5.08 0 228.0996) (size 1.7018 1.7018) (drill 1.7018) (layers *.Cu *.Mask))
  )

  (module Crystal:Crystal_SMD_3225-4Pin_3.2x2.5mm (layer B.Cu) (tedit 5CB7B636) (tstamp 5CC45908)
    (at 99.91 122.09 270)
    (descr "SMD Crystal SERIES SMD3225/4 http://www.txccrystal.com/images/pdf/7m-accuracy.pdf, 3.2x2.5mm^2 package")
    (tags "SMD SMT crystal")
    (path /5CEF28A6)
    (attr smd)
    (fp_text reference Y1 (at 0 2.45 270) (layer B.SilkS)
      (effects (font (size 1 1) (thickness 0.15)) (justify mirror))
    )
    (fp_text value Crystal_GND24 (at 0 -2.45 270) (layer B.Fab) hide
      (effects (font (size 1 1) (thickness 0.15)) (justify mirror))
    )
    (fp_text user %R (at 0 0 270) (layer B.Fab)
      (effects (font (size 0.7 0.7) (thickness 0.105)) (justify mirror))
    )
    (fp_line (start -1.6 1.25) (end -1.6 -1.25) (layer B.Fab) (width 0.1))
    (fp_line (start -1.6 -1.25) (end 1.6 -1.25) (layer B.Fab) (width 0.1))
    (fp_line (start 1.6 -1.25) (end 1.6 1.25) (layer B.Fab) (width 0.1))
    (fp_line (start 1.6 1.25) (end -1.6 1.25) (layer B.Fab) (width 0.1))
    (fp_line (start -1.6 -0.25) (end -0.600001 -1.25) (layer B.Fab) (width 0.1))
    (fp_line (start -2 1.65) (end -2 -1.65) (layer B.SilkS) (width 0.12))
    (fp_line (start -2 -1.65) (end 2 -1.65) (layer B.SilkS) (width 0.12))
    (fp_line (start -2.1 1.7) (end -2.1 -1.7) (layer B.CrtYd) (width 0.05))
    (fp_line (start -2.1 -1.7) (end 2.1 -1.7) (layer B.CrtYd) (width 0.05))
    (fp_line (start 2.1 -1.7) (end 2.1 1.7) (layer B.CrtYd) (width 0.05))
    (fp_line (start 2.1 1.7) (end -2.1 1.7) (layer B.CrtYd) (width 0.05))
    (pad 1 smd rect (at -1.1 -0.85 270) (size 1.4 1.2) (layers B.Cu B.Paste B.Mask)
      (net 3 /XTAL1))
    (pad 2 smd rect (at 1.1 -0.85 270) (size 1.4 1.2) (layers B.Cu B.Paste B.Mask)
      (net 1 GND))
    (pad 3 smd rect (at 1.1 0.85 270) (size 1.4 1.2) (layers B.Cu B.Paste B.Mask)
      (net 4 /XTAL2))
    (pad 4 smd rect (at -1.1 0.85 270) (size 1.4 1.2) (layers B.Cu B.Paste B.Mask)
      (net 1 GND))
    (model ${KISYS3DMOD}/Crystal.3dshapes/Crystal_SMD_3225-4Pin_3.2x2.5mm.wrl
      (at (xyz 0 0 0))
      (scale (xyz 1 1 1))
      (rotate (xyz 0 0 0))
    )
  )

  (module Capacitor_SMD:C_0603_1608Metric (layer B.Cu) (tedit 5B301BBE) (tstamp 5CC44FA5)
    (at 77.47 67.1575 90)
    (descr "Capacitor SMD 0603 (1608 Metric), square (rectangular) end terminal, IPC_7351 nominal, (Body size source: http://www.tortai-tech.com/upload/download/2011102023233369053.pdf), generated with kicad-footprint-generator")
    (tags capacitor)
    (path /5CB64AE4)
    (attr smd)
    (fp_text reference C1 (at 0 -1.27 90) (layer B.SilkS)
      (effects (font (size 1 1) (thickness 0.15)) (justify mirror))
    )
    (fp_text value 1u (at 0 -1.43 90) (layer B.Fab)
      (effects (font (size 1 1) (thickness 0.15)) (justify mirror))
    )
    (fp_text user %R (at 0 0 90) (layer F.Fab)
      (effects (font (size 0.4 0.4) (thickness 0.06)))
    )
    (fp_line (start 1.48 -0.73) (end -1.48 -0.73) (layer B.CrtYd) (width 0.05))
    (fp_line (start 1.48 0.73) (end 1.48 -0.73) (layer B.CrtYd) (width 0.05))
    (fp_line (start -1.48 0.73) (end 1.48 0.73) (layer B.CrtYd) (width 0.05))
    (fp_line (start -1.48 -0.73) (end -1.48 0.73) (layer B.CrtYd) (width 0.05))
    (fp_line (start -0.162779 -0.51) (end 0.162779 -0.51) (layer B.SilkS) (width 0.12))
    (fp_line (start -0.162779 0.51) (end 0.162779 0.51) (layer B.SilkS) (width 0.12))
    (fp_line (start 0.8 -0.4) (end -0.8 -0.4) (layer B.Fab) (width 0.1))
    (fp_line (start 0.8 0.4) (end 0.8 -0.4) (layer B.Fab) (width 0.1))
    (fp_line (start -0.8 0.4) (end 0.8 0.4) (layer B.Fab) (width 0.1))
    (fp_line (start -0.8 -0.4) (end -0.8 0.4) (layer B.Fab) (width 0.1))
    (pad 2 smd roundrect (at 0.7875 0 90) (size 0.875 0.95) (layers B.Cu B.Paste B.Mask) (roundrect_rratio 0.25)
      (net 1 GND))
    (pad 1 smd roundrect (at -0.7875 0 90) (size 0.875 0.95) (layers B.Cu B.Paste B.Mask) (roundrect_rratio 0.25)
      (net 2 VCC))
    (model ${KISYS3DMOD}/Capacitor_SMD.3dshapes/C_0603_1608Metric.wrl
      (at (xyz 0 0 0))
      (scale (xyz 1 1 1))
      (rotate (xyz 0 0 0))
    )
  )

  (module Capacitor_SMD:C_0603_1608Metric (layer B.Cu) (tedit 5CB7B6BA) (tstamp 5CC44FB6)
    (at 99.8475 118.745 180)
    (descr "Capacitor SMD 0603 (1608 Metric), square (rectangular) end terminal, IPC_7351 nominal, (Body size source: http://www.tortai-tech.com/upload/download/2011102023233369053.pdf), generated with kicad-footprint-generator")
    (tags capacitor)
    (path /5CF29845)
    (attr smd)
    (fp_text reference C2 (at 0 1.43 180) (layer B.SilkS)
      (effects (font (size 1 1) (thickness 0.15)) (justify mirror))
    )
    (fp_text value 20pF (at 0 -1.43 180) (layer B.Fab) hide
      (effects (font (size 1 1) (thickness 0.15)) (justify mirror))
    )
    (fp_line (start -0.8 -0.4) (end -0.8 0.4) (layer B.Fab) (width 0.1))
    (fp_line (start -0.8 0.4) (end 0.8 0.4) (layer B.Fab) (width 0.1))
    (fp_line (start 0.8 0.4) (end 0.8 -0.4) (layer B.Fab) (width 0.1))
    (fp_line (start 0.8 -0.4) (end -0.8 -0.4) (layer B.Fab) (width 0.1))
    (fp_line (start -0.162779 0.51) (end 0.162779 0.51) (layer B.SilkS) (width 0.12))
    (fp_line (start -0.162779 -0.51) (end 0.162779 -0.51) (layer B.SilkS) (width 0.12))
    (fp_line (start -1.48 -0.73) (end -1.48 0.73) (layer B.CrtYd) (width 0.05))
    (fp_line (start -1.48 0.73) (end 1.48 0.73) (layer B.CrtYd) (width 0.05))
    (fp_line (start 1.48 0.73) (end 1.48 -0.73) (layer B.CrtYd) (width 0.05))
    (fp_line (start 1.48 -0.73) (end -1.48 -0.73) (layer B.CrtYd) (width 0.05))
    (fp_text user %R (at 0 0 180) (layer B.Fab)
      (effects (font (size 0.4 0.4) (thickness 0.06)) (justify mirror))
    )
    (pad 1 smd roundrect (at -0.7875 0 180) (size 0.875 0.95) (layers B.Cu B.Paste B.Mask) (roundrect_rratio 0.25)
      (net 3 /XTAL1))
    (pad 2 smd roundrect (at 0.7875 0 180) (size 0.875 0.95) (layers B.Cu B.Paste B.Mask) (roundrect_rratio 0.25)
      (net 1 GND))
    (model ${KISYS3DMOD}/Capacitor_SMD.3dshapes/C_0603_1608Metric.wrl
      (at (xyz 0 0 0))
      (scale (xyz 1 1 1))
      (rotate (xyz 0 0 0))
    )
  )

  (module Capacitor_SMD:C_0603_1608Metric (layer B.Cu) (tedit 5B301BBE) (tstamp 5CC44FC7)
    (at 99.8475 125.476)
    (descr "Capacitor SMD 0603 (1608 Metric), square (rectangular) end terminal, IPC_7351 nominal, (Body size source: http://www.tortai-tech.com/upload/download/2011102023233369053.pdf), generated with kicad-footprint-generator")
    (tags capacitor)
    (path /5CF2A81F)
    (attr smd)
    (fp_text reference C3 (at 0 1.43) (layer B.SilkS)
      (effects (font (size 1 1) (thickness 0.15)) (justify mirror))
    )
    (fp_text value 20pF (at 0 -1.43) (layer B.Fab)
      (effects (font (size 1 1) (thickness 0.15)) (justify mirror))
    )
    (fp_text user %R (at 0 0) (layer B.Fab)
      (effects (font (size 0.4 0.4) (thickness 0.06)) (justify mirror))
    )
    (fp_line (start 1.48 -0.73) (end -1.48 -0.73) (layer B.CrtYd) (width 0.05))
    (fp_line (start 1.48 0.73) (end 1.48 -0.73) (layer B.CrtYd) (width 0.05))
    (fp_line (start -1.48 0.73) (end 1.48 0.73) (layer B.CrtYd) (width 0.05))
    (fp_line (start -1.48 -0.73) (end -1.48 0.73) (layer B.CrtYd) (width 0.05))
    (fp_line (start -0.162779 -0.51) (end 0.162779 -0.51) (layer B.SilkS) (width 0.12))
    (fp_line (start -0.162779 0.51) (end 0.162779 0.51) (layer B.SilkS) (width 0.12))
    (fp_line (start 0.8 -0.4) (end -0.8 -0.4) (layer B.Fab) (width 0.1))
    (fp_line (start 0.8 0.4) (end 0.8 -0.4) (layer B.Fab) (width 0.1))
    (fp_line (start -0.8 0.4) (end 0.8 0.4) (layer B.Fab) (width 0.1))
    (fp_line (start -0.8 -0.4) (end -0.8 0.4) (layer B.Fab) (width 0.1))
    (pad 2 smd roundrect (at 0.7875 0) (size 0.875 0.95) (layers B.Cu B.Paste B.Mask) (roundrect_rratio 0.25)
      (net 1 GND))
    (pad 1 smd roundrect (at -0.7875 0) (size 0.875 0.95) (layers B.Cu B.Paste B.Mask) (roundrect_rratio 0.25)
      (net 4 /XTAL2))
    (model ${KISYS3DMOD}/Capacitor_SMD.3dshapes/C_0603_1608Metric.wrl
      (at (xyz 0 0 0))
      (scale (xyz 1 1 1))
      (rotate (xyz 0 0 0))
    )
  )

  (module Capacitor_SMD:C_0603_1608Metric (layer B.Cu) (tedit 5B301BBE) (tstamp 5CC44FD8)
    (at 111.125 128.27 180)
    (descr "Capacitor SMD 0603 (1608 Metric), square (rectangular) end terminal, IPC_7351 nominal, (Body size source: http://www.tortai-tech.com/upload/download/2011102023233369053.pdf), generated with kicad-footprint-generator")
    (tags capacitor)
    (path /5CB64BDF)
    (attr smd)
    (fp_text reference C4 (at 0 -1.27 180) (layer B.SilkS)
      (effects (font (size 1 1) (thickness 0.15)) (justify mirror))
    )
    (fp_text value 100n (at 0 -1.43 180) (layer B.Fab)
      (effects (font (size 1 1) (thickness 0.15)) (justify mirror))
    )
    (fp_line (start -0.8 -0.4) (end -0.8 0.4) (layer B.Fab) (width 0.1))
    (fp_line (start -0.8 0.4) (end 0.8 0.4) (layer B.Fab) (width 0.1))
    (fp_line (start 0.8 0.4) (end 0.8 -0.4) (layer B.Fab) (width 0.1))
    (fp_line (start 0.8 -0.4) (end -0.8 -0.4) (layer B.Fab) (width 0.1))
    (fp_line (start -0.162779 0.51) (end 0.162779 0.51) (layer B.SilkS) (width 0.12))
    (fp_line (start -0.162779 -0.51) (end 0.162779 -0.51) (layer B.SilkS) (width 0.12))
    (fp_line (start -1.48 -0.73) (end -1.48 0.73) (layer B.CrtYd) (width 0.05))
    (fp_line (start -1.48 0.73) (end 1.48 0.73) (layer B.CrtYd) (width 0.05))
    (fp_line (start 1.48 0.73) (end 1.48 -0.73) (layer B.CrtYd) (width 0.05))
    (fp_line (start 1.48 -0.73) (end -1.48 -0.73) (layer B.CrtYd) (width 0.05))
    (fp_text user %R (at 0 0 180) (layer B.Fab)
      (effects (font (size 0.4 0.4) (thickness 0.06)) (justify mirror))
    )
    (pad 1 smd roundrect (at -0.7875 0 180) (size 0.875 0.95) (layers B.Cu B.Paste B.Mask) (roundrect_rratio 0.25)
      (net 2 VCC))
    (pad 2 smd roundrect (at 0.7875 0 180) (size 0.875 0.95) (layers B.Cu B.Paste B.Mask) (roundrect_rratio 0.25)
      (net 1 GND))
    (model ${KISYS3DMOD}/Capacitor_SMD.3dshapes/C_0603_1608Metric.wrl
      (at (xyz 0 0 0))
      (scale (xyz 1 1 1))
      (rotate (xyz 0 0 0))
    )
  )

  (module Capacitor_SMD:C_0603_1608Metric (layer B.Cu) (tedit 5B301BBE) (tstamp 5CC44FE9)
    (at 107.7975 128.27 180)
    (descr "Capacitor SMD 0603 (1608 Metric), square (rectangular) end terminal, IPC_7351 nominal, (Body size source: http://www.tortai-tech.com/upload/download/2011102023233369053.pdf), generated with kicad-footprint-generator")
    (tags capacitor)
    (path /5CB644DB)
    (attr smd)
    (fp_text reference C5 (at 0 -1.27 180) (layer B.SilkS)
      (effects (font (size 1 1) (thickness 0.15)) (justify mirror))
    )
    (fp_text value 1u (at 0 -1.43 180) (layer B.Fab)
      (effects (font (size 1 1) (thickness 0.15)) (justify mirror))
    )
    (fp_line (start -0.8 -0.4) (end -0.8 0.4) (layer B.Fab) (width 0.1))
    (fp_line (start -0.8 0.4) (end 0.8 0.4) (layer B.Fab) (width 0.1))
    (fp_line (start 0.8 0.4) (end 0.8 -0.4) (layer B.Fab) (width 0.1))
    (fp_line (start 0.8 -0.4) (end -0.8 -0.4) (layer B.Fab) (width 0.1))
    (fp_line (start -0.162779 0.51) (end 0.162779 0.51) (layer B.SilkS) (width 0.12))
    (fp_line (start -0.162779 -0.51) (end 0.162779 -0.51) (layer B.SilkS) (width 0.12))
    (fp_line (start -1.48 -0.73) (end -1.48 0.73) (layer B.CrtYd) (width 0.05))
    (fp_line (start -1.48 0.73) (end 1.48 0.73) (layer B.CrtYd) (width 0.05))
    (fp_line (start 1.48 0.73) (end 1.48 -0.73) (layer B.CrtYd) (width 0.05))
    (fp_line (start 1.48 -0.73) (end -1.48 -0.73) (layer B.CrtYd) (width 0.05))
    (fp_text user %R (at 0 0 180) (layer B.Fab)
      (effects (font (size 0.4 0.4) (thickness 0.06)) (justify mirror))
    )
    (pad 1 smd roundrect (at -0.7875 0 180) (size 0.875 0.95) (layers B.Cu B.Paste B.Mask) (roundrect_rratio 0.25)
      (net 102 /UCAP))
    (pad 2 smd roundrect (at 0.7875 0 180) (size 0.875 0.95) (layers B.Cu B.Paste B.Mask) (roundrect_rratio 0.25)
      (net 1 GND))
    (model ${KISYS3DMOD}/Capacitor_SMD.3dshapes/C_0603_1608Metric.wrl
      (at (xyz 0 0 0))
      (scale (xyz 1 1 1))
      (rotate (xyz 0 0 0))
    )
  )

  (module Capacitor_SMD:C_0603_1608Metric (layer B.Cu) (tedit 5B301BBE) (tstamp 5CC44FFA)
    (at 114.935 124.3075 90)
    (descr "Capacitor SMD 0603 (1608 Metric), square (rectangular) end terminal, IPC_7351 nominal, (Body size source: http://www.tortai-tech.com/upload/download/2011102023233369053.pdf), generated with kicad-footprint-generator")
    (tags capacitor)
    (path /5CB64ECC)
    (attr smd)
    (fp_text reference C6 (at 0 1.43 90) (layer B.SilkS)
      (effects (font (size 1 1) (thickness 0.15)) (justify mirror))
    )
    (fp_text value 100n (at 0 -1.43 90) (layer B.Fab)
      (effects (font (size 1 1) (thickness 0.15)) (justify mirror))
    )
    (fp_text user %R (at 0 0 90) (layer B.Fab)
      (effects (font (size 0.4 0.4) (thickness 0.06)) (justify mirror))
    )
    (fp_line (start 1.48 -0.73) (end -1.48 -0.73) (layer B.CrtYd) (width 0.05))
    (fp_line (start 1.48 0.73) (end 1.48 -0.73) (layer B.CrtYd) (width 0.05))
    (fp_line (start -1.48 0.73) (end 1.48 0.73) (layer B.CrtYd) (width 0.05))
    (fp_line (start -1.48 -0.73) (end -1.48 0.73) (layer B.CrtYd) (width 0.05))
    (fp_line (start -0.162779 -0.51) (end 0.162779 -0.51) (layer B.SilkS) (width 0.12))
    (fp_line (start -0.162779 0.51) (end 0.162779 0.51) (layer B.SilkS) (width 0.12))
    (fp_line (start 0.8 -0.4) (end -0.8 -0.4) (layer B.Fab) (width 0.1))
    (fp_line (start 0.8 0.4) (end 0.8 -0.4) (layer B.Fab) (width 0.1))
    (fp_line (start -0.8 0.4) (end 0.8 0.4) (layer B.Fab) (width 0.1))
    (fp_line (start -0.8 -0.4) (end -0.8 0.4) (layer B.Fab) (width 0.1))
    (pad 2 smd roundrect (at 0.7875 0 90) (size 0.875 0.95) (layers B.Cu B.Paste B.Mask) (roundrect_rratio 0.25)
      (net 1 GND))
    (pad 1 smd roundrect (at -0.7875 0 90) (size 0.875 0.95) (layers B.Cu B.Paste B.Mask) (roundrect_rratio 0.25)
      (net 2 VCC))
    (model ${KISYS3DMOD}/Capacitor_SMD.3dshapes/C_0603_1608Metric.wrl
      (at (xyz 0 0 0))
      (scale (xyz 1 1 1))
      (rotate (xyz 0 0 0))
    )
  )

  (module Capacitor_SMD:C_0603_1608Metric (layer B.Cu) (tedit 5B301BBE) (tstamp 5CC4500B)
    (at 114.935 118.8975 270)
    (descr "Capacitor SMD 0603 (1608 Metric), square (rectangular) end terminal, IPC_7351 nominal, (Body size source: http://www.tortai-tech.com/upload/download/2011102023233369053.pdf), generated with kicad-footprint-generator")
    (tags capacitor)
    (path /5CB64F18)
    (attr smd)
    (fp_text reference C7 (at 0 -1.27 90) (layer B.SilkS)
      (effects (font (size 1 1) (thickness 0.15)) (justify mirror))
    )
    (fp_text value 100n (at 0 -1.43 270) (layer B.Fab)
      (effects (font (size 1 1) (thickness 0.15)) (justify mirror))
    )
    (fp_line (start -0.8 -0.4) (end -0.8 0.4) (layer B.Fab) (width 0.1))
    (fp_line (start -0.8 0.4) (end 0.8 0.4) (layer B.Fab) (width 0.1))
    (fp_line (start 0.8 0.4) (end 0.8 -0.4) (layer B.Fab) (width 0.1))
    (fp_line (start 0.8 -0.4) (end -0.8 -0.4) (layer B.Fab) (width 0.1))
    (fp_line (start -0.162779 0.51) (end 0.162779 0.51) (layer B.SilkS) (width 0.12))
    (fp_line (start -0.162779 -0.51) (end 0.162779 -0.51) (layer B.SilkS) (width 0.12))
    (fp_line (start -1.48 -0.73) (end -1.48 0.73) (layer B.CrtYd) (width 0.05))
    (fp_line (start -1.48 0.73) (end 1.48 0.73) (layer B.CrtYd) (width 0.05))
    (fp_line (start 1.48 0.73) (end 1.48 -0.73) (layer B.CrtYd) (width 0.05))
    (fp_line (start 1.48 -0.73) (end -1.48 -0.73) (layer B.CrtYd) (width 0.05))
    (fp_text user %R (at 0 0 270) (layer B.Fab)
      (effects (font (size 0.4 0.4) (thickness 0.06)) (justify mirror))
    )
    (pad 1 smd roundrect (at -0.7875 0 270) (size 0.875 0.95) (layers B.Cu B.Paste B.Mask) (roundrect_rratio 0.25)
      (net 2 VCC))
    (pad 2 smd roundrect (at 0.7875 0 270) (size 0.875 0.95) (layers B.Cu B.Paste B.Mask) (roundrect_rratio 0.25)
      (net 1 GND))
    (model ${KISYS3DMOD}/Capacitor_SMD.3dshapes/C_0603_1608Metric.wrl
      (at (xyz 0 0 0))
      (scale (xyz 1 1 1))
      (rotate (xyz 0 0 0))
    )
  )

  (module Capacitor_SMD:C_0603_1608Metric (layer B.Cu) (tedit 5B301BBE) (tstamp 5CC4501C)
    (at 104.6225 128.27 180)
    (descr "Capacitor SMD 0603 (1608 Metric), square (rectangular) end terminal, IPC_7351 nominal, (Body size source: http://www.tortai-tech.com/upload/download/2011102023233369053.pdf), generated with kicad-footprint-generator")
    (tags capacitor)
    (path /5CB64F61)
    (attr smd)
    (fp_text reference C8 (at -0.1525 -1.27 180) (layer B.SilkS)
      (effects (font (size 1 1) (thickness 0.15)) (justify mirror))
    )
    (fp_text value 100n (at 0 -1.43 180) (layer B.Fab)
      (effects (font (size 1 1) (thickness 0.15)) (justify mirror))
    )
    (fp_text user %R (at 0.680999 0.309001 180) (layer F.Fab)
      (effects (font (size 0.4 0.4) (thickness 0.06)))
    )
    (fp_line (start 1.48 -0.73) (end -1.48 -0.73) (layer B.CrtYd) (width 0.05))
    (fp_line (start 1.48 0.73) (end 1.48 -0.73) (layer B.CrtYd) (width 0.05))
    (fp_line (start -1.48 0.73) (end 1.48 0.73) (layer B.CrtYd) (width 0.05))
    (fp_line (start -1.48 -0.73) (end -1.48 0.73) (layer B.CrtYd) (width 0.05))
    (fp_line (start -0.162779 -0.51) (end 0.162779 -0.51) (layer B.SilkS) (width 0.12))
    (fp_line (start -0.162779 0.51) (end 0.162779 0.51) (layer B.SilkS) (width 0.12))
    (fp_line (start 0.8 -0.4) (end -0.8 -0.4) (layer B.Fab) (width 0.1))
    (fp_line (start 0.8 0.4) (end 0.8 -0.4) (layer B.Fab) (width 0.1))
    (fp_line (start -0.8 0.4) (end 0.8 0.4) (layer B.Fab) (width 0.1))
    (fp_line (start -0.8 -0.4) (end -0.8 0.4) (layer B.Fab) (width 0.1))
    (pad 2 smd roundrect (at 0.7875 0 180) (size 0.875 0.95) (layers B.Cu B.Paste B.Mask) (roundrect_rratio 0.25)
      (net 1 GND))
    (pad 1 smd roundrect (at -0.7875 0 180) (size 0.875 0.95) (layers B.Cu B.Paste B.Mask) (roundrect_rratio 0.25)
      (net 2 VCC))
    (model ${KISYS3DMOD}/Capacitor_SMD.3dshapes/C_0603_1608Metric.wrl
      (at (xyz 0 0 0))
      (scale (xyz 1 1 1))
      (rotate (xyz 0 0 0))
    )
  )

  (module Diode_SMD:D_SOD-123F (layer B.Cu) (tedit 587F7769) (tstamp 5CC45035)
    (at 40.513 71.882)
    (descr D_SOD-123F)
    (tags D_SOD-123F)
    (path /5CBAC257)
    (attr smd)
    (fp_text reference D1 (at -0.127 1.905) (layer B.SilkS)
      (effects (font (size 1 1) (thickness 0.15)) (justify mirror))
    )
    (fp_text value D (at 0 -2.1) (layer B.Fab)
      (effects (font (size 1 1) (thickness 0.15)) (justify mirror))
    )
    (fp_text user %R (at -0.127 1.905) (layer B.Fab)
      (effects (font (size 1 1) (thickness 0.15)) (justify mirror))
    )
    (fp_line (start -2.2 1) (end -2.2 -1) (layer B.SilkS) (width 0.12))
    (fp_line (start 0.25 0) (end 0.75 0) (layer B.Fab) (width 0.1))
    (fp_line (start 0.25 -0.4) (end -0.35 0) (layer B.Fab) (width 0.1))
    (fp_line (start 0.25 0.4) (end 0.25 -0.4) (layer B.Fab) (width 0.1))
    (fp_line (start -0.35 0) (end 0.25 0.4) (layer B.Fab) (width 0.1))
    (fp_line (start -0.35 0) (end -0.35 -0.55) (layer B.Fab) (width 0.1))
    (fp_line (start -0.35 0) (end -0.35 0.55) (layer B.Fab) (width 0.1))
    (fp_line (start -0.75 0) (end -0.35 0) (layer B.Fab) (width 0.1))
    (fp_line (start -1.4 -0.9) (end -1.4 0.9) (layer B.Fab) (width 0.1))
    (fp_line (start 1.4 -0.9) (end -1.4 -0.9) (layer B.Fab) (width 0.1))
    (fp_line (start 1.4 0.9) (end 1.4 -0.9) (layer B.Fab) (width 0.1))
    (fp_line (start -1.4 0.9) (end 1.4 0.9) (layer B.Fab) (width 0.1))
    (fp_line (start -2.2 1.15) (end 2.2 1.15) (layer B.CrtYd) (width 0.05))
    (fp_line (start 2.2 1.15) (end 2.2 -1.15) (layer B.CrtYd) (width 0.05))
    (fp_line (start 2.2 -1.15) (end -2.2 -1.15) (layer B.CrtYd) (width 0.05))
    (fp_line (start -2.2 1.15) (end -2.2 -1.15) (layer B.CrtYd) (width 0.05))
    (fp_line (start -2.2 -1) (end 1.65 -1) (layer B.SilkS) (width 0.12))
    (fp_line (start -2.2 1) (end 1.65 1) (layer B.SilkS) (width 0.12))
    (pad 1 smd rect (at -1.4 0) (size 1.1 1.1) (layers B.Cu B.Paste B.Mask)
      (net 5 C0))
    (pad 2 smd rect (at 1.4 0) (size 1.1 1.1) (layers B.Cu B.Paste B.Mask)
      (net 6 "Net-(D1-Pad2)"))
    (model ${KISYS3DMOD}/Diode_SMD.3dshapes/D_SOD-123F.wrl
      (at (xyz 0 0 0))
      (scale (xyz 1 1 1))
      (rotate (xyz 0 0 0))
    )
  )

  (module Diode_SMD:D_SOD-123 (layer B.Cu) (tedit 58645DC7) (tstamp 5CC4504E)
    (at 42.7355 90.7415)
    (descr SOD-123)
    (tags SOD-123)
    (path /5CBAEE9D)
    (attr smd)
    (fp_text reference D2 (at 0 2) (layer B.SilkS)
      (effects (font (size 1 1) (thickness 0.15)) (justify mirror))
    )
    (fp_text value D (at 0 -2.1) (layer B.Fab)
      (effects (font (size 1 1) (thickness 0.15)) (justify mirror))
    )
    (fp_text user %R (at 0 2) (layer B.Fab)
      (effects (font (size 1 1) (thickness 0.15)) (justify mirror))
    )
    (fp_line (start -2.25 1) (end -2.25 -1) (layer B.SilkS) (width 0.12))
    (fp_line (start 0.25 0) (end 0.75 0) (layer B.Fab) (width 0.1))
    (fp_line (start 0.25 -0.4) (end -0.35 0) (layer B.Fab) (width 0.1))
    (fp_line (start 0.25 0.4) (end 0.25 -0.4) (layer B.Fab) (width 0.1))
    (fp_line (start -0.35 0) (end 0.25 0.4) (layer B.Fab) (width 0.1))
    (fp_line (start -0.35 0) (end -0.35 -0.55) (layer B.Fab) (width 0.1))
    (fp_line (start -0.35 0) (end -0.35 0.55) (layer B.Fab) (width 0.1))
    (fp_line (start -0.75 0) (end -0.35 0) (layer B.Fab) (width 0.1))
    (fp_line (start -1.4 -0.9) (end -1.4 0.9) (layer B.Fab) (width 0.1))
    (fp_line (start 1.4 -0.9) (end -1.4 -0.9) (layer B.Fab) (width 0.1))
    (fp_line (start 1.4 0.9) (end 1.4 -0.9) (layer B.Fab) (width 0.1))
    (fp_line (start -1.4 0.9) (end 1.4 0.9) (layer B.Fab) (width 0.1))
    (fp_line (start -2.35 1.15) (end 2.35 1.15) (layer B.CrtYd) (width 0.05))
    (fp_line (start 2.35 1.15) (end 2.35 -1.15) (layer B.CrtYd) (width 0.05))
    (fp_line (start 2.35 -1.15) (end -2.35 -1.15) (layer B.CrtYd) (width 0.05))
    (fp_line (start -2.35 1.15) (end -2.35 -1.15) (layer B.CrtYd) (width 0.05))
    (fp_line (start -2.25 -1) (end 1.65 -1) (layer B.SilkS) (width 0.12))
    (fp_line (start -2.25 1) (end 1.65 1) (layer B.SilkS) (width 0.12))
    (pad 1 smd rect (at -1.65 0) (size 0.9 1.2) (layers B.Cu B.Paste B.Mask)
      (net 5 C0))
    (pad 2 smd rect (at 1.65 0) (size 0.9 1.2) (layers B.Cu B.Paste B.Mask)
      (net 7 "Net-(D2-Pad2)"))
    (model ${KISYS3DMOD}/Diode_SMD.3dshapes/D_SOD-123.wrl
      (at (xyz 0 0 0))
      (scale (xyz 1 1 1))
      (rotate (xyz 0 0 0))
    )
  )

  (module Diode_SMD:D_SOD-123 (layer B.Cu) (tedit 58645DC7) (tstamp 5CC45067)
    (at 47.4345 109.9185)
    (descr SOD-123)
    (tags SOD-123)
    (path /5CBAF65A)
    (attr smd)
    (fp_text reference D3 (at 0 2) (layer B.SilkS)
      (effects (font (size 1 1) (thickness 0.15)) (justify mirror))
    )
    (fp_text value D (at 0 -2.1) (layer B.Fab)
      (effects (font (size 1 1) (thickness 0.15)) (justify mirror))
    )
    (fp_text user %R (at 0 2) (layer B.Fab)
      (effects (font (size 1 1) (thickness 0.15)) (justify mirror))
    )
    (fp_line (start -2.25 1) (end -2.25 -1) (layer B.SilkS) (width 0.12))
    (fp_line (start 0.25 0) (end 0.75 0) (layer B.Fab) (width 0.1))
    (fp_line (start 0.25 -0.4) (end -0.35 0) (layer B.Fab) (width 0.1))
    (fp_line (start 0.25 0.4) (end 0.25 -0.4) (layer B.Fab) (width 0.1))
    (fp_line (start -0.35 0) (end 0.25 0.4) (layer B.Fab) (width 0.1))
    (fp_line (start -0.35 0) (end -0.35 -0.55) (layer B.Fab) (width 0.1))
    (fp_line (start -0.35 0) (end -0.35 0.55) (layer B.Fab) (width 0.1))
    (fp_line (start -0.75 0) (end -0.35 0) (layer B.Fab) (width 0.1))
    (fp_line (start -1.4 -0.9) (end -1.4 0.9) (layer B.Fab) (width 0.1))
    (fp_line (start 1.4 -0.9) (end -1.4 -0.9) (layer B.Fab) (width 0.1))
    (fp_line (start 1.4 0.9) (end 1.4 -0.9) (layer B.Fab) (width 0.1))
    (fp_line (start -1.4 0.9) (end 1.4 0.9) (layer B.Fab) (width 0.1))
    (fp_line (start -2.35 1.15) (end 2.35 1.15) (layer B.CrtYd) (width 0.05))
    (fp_line (start 2.35 1.15) (end 2.35 -1.15) (layer B.CrtYd) (width 0.05))
    (fp_line (start 2.35 -1.15) (end -2.35 -1.15) (layer B.CrtYd) (width 0.05))
    (fp_line (start -2.35 1.15) (end -2.35 -1.15) (layer B.CrtYd) (width 0.05))
    (fp_line (start -2.25 -1) (end 1.65 -1) (layer B.SilkS) (width 0.12))
    (fp_line (start -2.25 1) (end 1.65 1) (layer B.SilkS) (width 0.12))
    (pad 1 smd rect (at -1.65 0) (size 0.9 1.2) (layers B.Cu B.Paste B.Mask)
      (net 5 C0))
    (pad 2 smd rect (at 1.65 0) (size 0.9 1.2) (layers B.Cu B.Paste B.Mask)
      (net 8 "Net-(D3-Pad2)"))
    (model ${KISYS3DMOD}/Diode_SMD.3dshapes/D_SOD-123.wrl
      (at (xyz 0 0 0))
      (scale (xyz 1 1 1))
      (rotate (xyz 0 0 0))
    )
  )

  (module Diode_SMD:D_SOD-123 (layer B.Cu) (tedit 5CB7A8C9) (tstamp 5CC45080)
    (at 39.5605 124.46 90)
    (descr SOD-123)
    (tags SOD-123)
    (path /5CBAFA61)
    (attr smd)
    (fp_text reference D4 (at 0 2 90) (layer B.SilkS)
      (effects (font (size 1 1) (thickness 0.15)) (justify mirror))
    )
    (fp_text value D (at 0 -2.1 90) (layer B.Fab) hide
      (effects (font (size 1 1) (thickness 0.15)) (justify mirror))
    )
    (fp_text user %R (at 0 2 90) (layer B.Fab)
